JCBBalphas = np.array([0.01,
                       0.01])
mk = 9 	   a = [-1 -1 -1 -1 -1 -1 -1 -1 -1]
mk = 10 	 a = [-1 -1 -1 -1 -1 -1 -1 -1 -1 -1]
mk = 10 	 a = [-1 -1 -1 -1 -1 -1 -1 -1 -1 -1]
mk = 11 	 a = [-1 -1 -1 -1 -1 -1 -1 -1 -1 -1 -1]
mk = 11 	 a = [-1 -1 -1 -1 -1 -1 -1 -1 -1 -1 24]
mk = 12 	 a = [-1 -1 -1 -1 -1 -1 -1 -1 -1 -1 -1 -1]
mk = 13 	 a = [-1 -1 -1 -1 -1 -1 -1 -1 -1 -1 -1 -1 -1]
mk = 13 	 a = [-1 -1 -1 -1 -1 -1 -1 -1 -1 -1 -1 -1 -1]
mk = 13 	 a = [-1 -1 -1 -1 -1 -1 -1 -1 -1 -1 -1 -1 48]
mk = 13 	 a = [-1 76 -1 54 93 -1 -1 -1 68 -1 -1 -1 -1]
mk = 13 	 a = [ -1  79 107  94  88  77  -1  -1  70  -1  -1  62  74]
mk = 14 	 a = [ -1  86  87 112  82  -1  -1  -1  -1  -1  -1 106  -1  93]
mk = 14 	 a = [ -1  99 115  65 113 116 119  -1 103  -1  -1 122 114  -1]
mk = 14 	 a = [ -1  -1 129  -1  -1 121  -1  -1  88  -1  68 128  -1  76]
mk = 13 	 a = [108 124  -1  89 135  -1  -1  -1  -1  -1 134  -1  -1]
mk = 13 	 a = [ -1 125 140 117  -1  -1  -1  -1  -1  -1 142  -1  -1]
mk = 13 	 a = [ 96 150 149 132 151  -1  -1  83  -1  -1  81  -1 138]
mk = 14 	 a = [ -1 133 145  -1 155 160 158  -1 143  -1  -1 154 148  -1]
mk = 13 	 a = [164  -1  -1 157  -1  -1  -1 113  88  -1  -1  -1  -1]
mk = 13 	 a = [153  -1  -1 165  -1  -1  -1 171  -1  -1  -1 163  90]
mk = 13 	 a = [161 167  -1 178  -1  -1  -1 169  -1  -1  -1  -1  -1]
mk = 13 	 a = [170 174  -1 179  -1  -1  -1 134  -1  -1  -1  -1  -1]
mk = 13 	 a = [175 113  -1 186  -1  -1  -1 187  -1 103  -1  -1 107]
mk = 13 	 a = [ -1 193  -1 181 194  -1  -1 182  -1 171  -1  -1  -1]

JCBBalphas = np.array([0.1,
                       0.1])
mk = 9   	   a = [-1 -1 -1 -1 -1 -1 -1 -1 -1]
mk = 10   	 a = [-1 -1 -1 -1 -1 -1 -1 -1 -1 -1]
mk = 10   	 a = [-1 -1 -1 -1 -1 -1 -1 -1 -1 -1]
mk = 11   	 a = [-1 -1 -1 -1 -1 -1 -1 -1 -1 -1 -1]
mk = 11   	 a = [-1 -1 -1 -1 -1 -1 -1 -1 -1 -1 24]
mk = 12   	 a = [-1 -1 -1 -1 -1 -1 -1 -1 -1 -1 -1 -1]
mk = 13   	 a = [-1 -1 -1 -1 -1 -1 -1 -1 -1 -1 -1 -1 -1]
mk = 13   	 a = [-1 -1 -1 -1 -1 -1 -1 -1 -1 -1 -1 -1 -1]
mk = 13   	 a = [-1 -1 -1 -1 -1 -1 -1 -1 -1 -1 -1 -1 -1]
mk = 13   	 a = [-1 -1 -1 -1 -1 -1 -1 -1 -1 -1 -1 -1 -1]
mk = 13   	 a = [-1 -1 -1 -1 -1 -1 -1 -1 -1 -1 -1 -1 -1]
mk = 14   	 a = [-1 -1 -1 -1 -1 -1 -1 -1 -1 -1 -1 -1 -1 -1]
mk = 14   	 a = [-1 -1 -1 -1 -1 -1 -1 -1 -1 -1 -1 -1 -1 -1]
mk = 14   	 a = [-1 -1 -1 -1 -1 -1 -1 -1 -1 -1 -1 -1 -1 -1]
mk = 13   	 a = [-1 -1 -1 -1 -1 -1 -1 -1 -1 -1 -1 -1 -1]
mk = 13   	 a = [-1 -1 -1 -1 -1 -1 -1 -1 95 -1 -1 -1 -1]
mk = 13   	 a = [ -1  -1  -1  -1  -1  -1  -1  -1 101  -1  -1  -1  -1]
mk = 14   	 a = [160  -1  -1  -1  -1  -1  -1 186  -1  -1  -1  -1  -1  -1]
mk = 13   	 a = [179 146  -1 152  -1  -1 128  -1  -1  -1  -1 159  -1]
mk = 13   	 a = [196  -1  -1 182  -1  -1 211  -1  -1  -1  -1  -1  -1]
mk = 13   	 a = [233  -1  -1 195  -1  -1 226  -1  -1  -1  -1  -1  -1]
mk = 13   	 a = [241  -1  -1 183  -1  -1 232  -1  -1 160  -1  -1  -1]
mk = 13   	 a = [149 229  -1 213  -1  -1 250  -1  -1  -1  -1 234  -1]
mk = 13   	 a = [227 244  -1 214  -1  -1 254  -1  -1  -1  -1  -1  -1]

#odometry
Q = np.diag([0.8**2,
             0.8**2,
            (4*np.pi/180)**2])
#measurements
R = np.diag([2**2,              #sigma_r
            (5*np.pi/180)**2])  #sigma_theta
JCBBalphas = np.array([1e-5,
                       1e-5])
